knockback_adj = 0.950000;
hitstun_grav = 0.500000;
gravity_speed = 0.500000;
fast_fall = 13.000000;
max_fall = 10.000000;
ground_friction = 0.600000;
air_friction = 0.040000;
max_djumps = 1.000000;
max_jump_hsp = 7.000000;
djump_speed = 10.000000;
short_hop_speed = 6.000000;
jump_speed = 10.990000;
air_accel = 0.300000;
air_max_speed = 6.000000;
roll_back_max = 9.000000;
roll_back_recovery_frames = 12.000000;
roll_back_active_frames = 14.000000;
roll_back_startup_frames = 3.000000;
roll_forward_max = 9.000000;
roll_forward_recovery_frames = 12.000000;
roll_forward_active_frames = 14.000000;
roll_forward_startup_frames = 3.000000;
air_dodge_speed = 7.500000;
air_dodge_recover_frames = 12.000000;
air_dodge_active_frames = 12.000000;
air_dodge_startup_frames = 2.000000;
techroll_speed = 9.000000;
techroll_recovery_frames = 14.000000;
techroll_active_frames = 12.000000;
techroll_startup_frames = 8.000000;
techroll_recovery_frames = 4.000000;
tech_active_frames = 14.000000;
dodge_recovery_frames = 20.000000;
dodge_active_frames = 8.000000;
dodge_startup_frames = 2.000000;
wave_friction = 0.130000;
wave_land_time = 8.000000;
jump_start_time = 5.000000;
prat_fall_accel = 1.000000;
prat_land_time = 20.000000;
land_time = 4.000000;
initial_dash_speed = 6.250000;
initial_dash_time = 10.000000;
dash_stop_time = 6.000000;
walljump_vsp = 9.000000;
walljump_hsp = 5.000000;
dash_turn_accel = 0.500000;
dash_turn_time = 18.000000;
dash_speed = 6.000000;
walk_turn_time = 6.000000;
walk_accel = 0.200000;
walk_speed = 3.250000;
